0000000000000000 1111111111010101 00
0000000000000000 1111111111010101 01
0000000000000000 1111111111010101 10
0000000000000000 1111111111010101 11
0000000000000000 0001101101111100 00
0000000000000000 0001101101111100 01
0000000000000000 0001101101111100 10
0000000000000000 0001101101111100 11
0000000000000000 1101011110001110 00
0000000000000000 1101011110001110 01
0000000000000000 1101011110001110 10
0000000000000000 1101011110001110 11
0000000000000000 0011110000101011 00
0000000000000000 0011110000101011 01
0000000000000000 0011110000101011 10
0000000000000000 0011110000101011 11
0000000000000000 1010010010111001 00
0000000000000000 1010010010111001 01
0000000000000000 1010010010111001 10
0000000000000000 1010010010111001 11
1111111111111111 1110010101110000 00
1111111111111111 1110010101110000 01
1111111111111111 1110010101110000 10
1111111111111111 1110010101110000 11
1111111111111111 1011000011001110 00
1111111111111111 1011000011001110 01
1111111111111111 1011000011001110 10
1111111111111111 1011000011001110 11
1111111111111111 0001110101011110 00
1111111111111111 0001110101011110 01
1111111111111111 0001110101011110 10
1111111111111111 0001110101011110 11
1111111111111111 0111001011000011 00
1111111111111111 0111001011000011 01
1111111111111111 0111001011000011 10
1111111111111111 0111001011000011 11
1111111111111111 0001100001111000 00
1111111111111111 0001100001111000 01
1111111111111111 0001100001111000 10
1111111111111111 0001100001111000 11
1010001100011011 0000000000000000 00
1010001100011011 0000000000000000 01
1010001100011011 0000000000000000 10
1010001100011011 0000000000000000 11
1111101111010110 0000000000000000 00
1111101111010110 0000000000000000 01
1111101111010110 0000000000000000 10
1111101111010110 0000000000000000 11
0000101100101101 0000000000000000 00
0000101100101101 0000000000000000 01
0000101100101101 0000000000000000 10
0000101100101101 0000000000000000 11
0011001101010000 0000000000000000 00
0011001101010000 0000000000000000 01
0011001101010000 0000000000000000 10
0011001101010000 0000000000000000 11
0001000110111000 0000000000000000 00
0001000110111000 0000000000000000 01
0001000110111000 0000000000000000 10
0001000110111000 0000000000000000 11
1000001100100010 1111111111111111 00
1000001100100010 1111111111111111 01
1000001100100010 1111111111111111 10
1000001100100010 1111111111111111 11
0011100010111000 1111111111111111 00
0011100010111000 1111111111111111 01
0011100010111000 1111111111111111 10
0011100010111000 1111111111111111 11
1110000010101111 1111111111111111 00
1110000010101111 1111111111111111 01
1110000010101111 1111111111111111 10
1110000010101111 1111111111111111 11
0001110111010011 1111111111111111 00
0001110111010011 1111111111111111 01
0001110111010011 1111111111111111 10
0001110111010011 1111111111111111 11
1100001011110010 1111111111111111 00
1100001011110010 1111111111111111 01
1100001011110010 1111111111111111 10
1100001011110010 1111111111111111 11
0000000000000000 0000000000000000 00
0000000000000000 1111111111111111 00
1111111111111111 0000000000000000 00
1111111111111111 1111111111111111 00
0000000000000000 0000000000000000 01
0000000000000000 1111111111111111 01
1111111111111111 0000000000000000 01
1111111111111111 1111111111111111 01
0000000000000000 0000000000000000 10
0000000000000000 1111111111111111 10
1111111111111111 0000000000000000 10
1111111111111111 1111111111111111 10
0000000000000000 0000000000000000 11
0000000000000000 1111111111111111 11
1111111111111111 0000000000000000 11
1111111111111111 1111111111111111 11
0111110110111101 0111110110111101 00
0111110110111101 0111110110111101 01
0111110110111101 0111110110111101 10
0111110110111101 0111110110111101 11
1101011100010011 1101011100010011 00
1101011100010011 1101011100010011 01
1101011100010011 1101011100010011 10
1101011100010011 1101011100010011 11
1100001000000110 0011110111111001 00
1100001000000110 0011110111111001 01
1100001000000110 0011110111111001 10
1100001000000110 0011110111111001 11
0011110111000100 1100001000111011 00
0011110111000100 1100001000111011 01
0011110111000100 1100001000111011 10
0011110111000100 1100001000111011 11
1010000110010101 0101111001101010 00
1010000110010101 0101111001101010 01
1010000110010101 0101111001101010 10
1010000110010101 0101111001101010 11
0111101000011010 1000010111100101 00
0111101000011010 1000010111100101 01
0111101000011010 1000010111100101 10
0111101000011010 1000010111100101 11
1001111111011001 0110000000100110 00
1001111111011001 0110000000100110 01
1001111111011001 0110000000100110 10
1001111111011001 0110000000100110 11
0100011100010101 0100000000000000 00
0100011100010101 0100000000000000 01
0100011100010101 0100000000000000 10
0100011100010101 0100000000000000 11
1001010110110011 0000000000100000 00
1001010110110011 0000000000100000 01
1001010110110011 0000000000100000 10
1001010110110011 0000000000100000 11
1001100110000101 0000000010000000 00
1001100110000101 0000000010000000 01
1001100110000101 0000000010000000 10
1001100110000101 0000000010000000 11
0011111111111011 0010000000000000 00
0011111111111011 0010000000000000 01
0011111111111011 0010000000000000 10
0011111111111011 0010000000000000 11
1110010011111101 0010000000000000 00
1110010011111101 0010000000000000 01
1110010011111101 0010000000000000 10
1110010011111101 0010000000000000 11
0100111111000100 0000110110001101 00
0100111111000100 0000110110001101 01
0100111111000100 0000110110001101 10
0100111111000100 0000110110001101 11
1000111110011010 0001001110100011 00
1000111110011010 0001001110100011 01
1000111110011010 0001001110100011 10
1000111110011010 0001001110100011 11
1111011001101110 1100111110110011 00
1111011001101110 1100111110110011 01
1111011001101110 1100111110110011 10
1111011001101110 1100111110110011 11
0011110010101101 1111100001110100 00
0011110010101101 1111100001110100 01
0011110010101101 1111100001110100 10
0011110010101101 1111100001110100 11
1101011111111010 1111101000000000 00
1101011111111010 1111101000000000 01
1101011111111010 1111101000000000 10
1101011111111010 1111101000000000 11
